22962977
30916993
32450329
28373006
8997135
9389819
28658828
30434541
35425032
43147466
9242614
10190940
28830388
34984485
10549498
25950030
27926080
9251027
28830387
29151436
34632351
9613420
27926093
29151432
29431893
32456467
33933693
34313389
35392638
38679427
40907274
41294305
50048417
54906270
57218432
8998112
9002113
9041458
9237797
9246344
9378196
10199654
28658816
28658820
29151434
31991935
32450359
33915088
34057631
34632352
34632358
34841915
40289691
40907280
45413906
50078442
50078511
55145185
9392277
9586605
9604100
25588612
25588613
28658818
28658829
28658833
31613102
31991931
31991932
32245466
32456463
34428435
34632354
35626593
39079244
39079247
39079260
40289690
40907258
44410247
48121301
48900221
50078507
51401900
57583448
57583455
57583457
57583458
57583480
57583497
57583505
9381647
10036299
10507950
29410224
29692909
29809784
30131155
31991939
32450367
32450378
32456468
33693745
38559441
40613612
46791997
57583460
57583461
57583478
57583502
57583506
57583507
27969588
27969616
33933714
34329540
34329554
34846612
34846613
35626349
37163668
37163679
38937835
39079255
39837601
39837608
39840289
42861911
44552368
44553517
46103208
50523522
51402086
51402347
52058503
55407811
56992853
57210765
57583456
57583459
57583462
57583463
57583479
58082223
59324269
9591590
29746349
34173683
34329550
37163683
38154184
40975574
41081173
41343098
41343101
41642163
41642164
43684600
44553518
45498406
45565109
45565110
47870334
50523516
50523523
52059397
52288219
56927979
57210768
58742830
59255235
9023687
9577816
9582865
9586728
10099437
26002040
29151433
30386749
32456465
33171920
38154338
39840288
40322726
41343099
41343103
46253880
48003906
48636811
48636868
50036642
56927984
57210766
59333883
9002969
9290787
9587161
27994428
28438458
29761092
34329553
40289688
40289689
41515217
43821779
44531669
44553519
44723843
45413921
45807875
46089874
48304945
48304946
48304947
48304951
48304952
48304954
48304957
48304965
48636866
49882787
49882809
51402326
53966630
54198689
54571101
54597716
56927977
57533505
57914722
58822816
9118832
9135052
9385388
9406710
9441568
10033730
10074615
26002025
27994424
28658830
32565972
33693760
36804058
38852358
39323139
39837613
39840291
42790799
45565088
48304948
48304953
48304959
48304963
48304966
48304972
49882782
49882797
49882802
49882804
49882808
59324265
10036574
10036575
31991936
35510136
35580224
37202579
37202672
41343055
42410123
42668087
43424244
43821718
44552364
46090202
48014314
48304949
48304960
48304961
48304962
48304970
48304971
48304974
49882784
49882795
49882798
49882800
49882807
53545912
54345102
54893155
55154463
56927980
56927982
5312432
9055813
9392637
9583723
10505776
10530275
26002042
28658827
30916994
39837603
40155335
40289694
48014303
48304964
48304967
55999607
56927978
56927983
58817889
59095396
9022810
9610166
10068046
29618328
33474577
33933704
35580226
35580241
39079257
40289693
41153325
42554801
43684567
44410254
44424950
46728356
47333450
48014302
48304958
53440412
55547793
55547794
55547796
55547798
55547800
55547801
55547802
59324262
9118984
10019727
10644729
25593857
28658832
29151427
29618340
33434468
34384773
35425033
38679408
40509396
40722546
43684622
43840158
45052698
45052708
45512053
48304969
52750437
55547795
55547797
55547799
55547804
56988328
57929554
9392087
9393133
28384839
28725256
29151429
29151435
29526314
29761082
29761083
29809777
29809782
33474569
33933632
33933705
34300782
34313357
34313377
36804057
39079240
43684623
45052673
45052702
45270917
46714898
46714900
46714903
46714910
46714916
46714928
46714953
47845474
48014317
53142609
58069342
28184621
29078255
29809774
29809776
29809779
29809783
30916992
31489937
31830732
31830735
33693752
33933687
35425022
35580237
39079242
40509395
45052690
45052700
45413930
46714907
46714912
46714914
46714919
46714921
46714924
46714955
53932195
54198670
54511450
54762604
56927976
9378412
29078247
29078250
29761079
29761084
29761085
29761100
29761101
29761105
29761106
33693753
33693759
33693761
33933633
33933696
34428439
35425027
35580231
38614146
38852351
42921027
46714905
46714926
52770779
53560137
54198671
54198672
54198674
54198677
54198683
54198688
55547803
57402614
58802222
9380102
29078248
29078249
29078254
29151425
29151430
29424174
29761078
29761093
29761097
29761099
29761102
30916989
31991933
31991938
32509494
33434475
33693754
33693757
33933688
33933697
33933716
34634391
37136741
37136749
37136753
40142784
41317178
45413909
46714948
46714958
46714960
53704943
54198682
54198687
54472888
55135181
55135186
57584478
57584481
10282575
28982551
29618327
29618339
29761073
29761086
29761094
31991934
32509489
33693756
33882147
35425025
35425034
35972277
35972282
35972283
35972285
35972289
36281573
36348915
37136742
37136746
37136747
37136748
37136750
37136752
37136773
37202587
38439624
38852360
39763165
41153311
41153314
41867020
44501026
45413908
51766658
54198673
54198679
54198681
54198685
54198686
56167989
56167992
56209048
56209053
56209059
56209061
56209065
56209066
9141975
28571730
29078252
29761080
31545903
33693755
35425023
35425026
35425028
35425029
35425030
35425031
36847955
37136739
37136751
38679411
38852361
39763176
41501836
41501893
41502069
41890848
42921028
50393925
54198680
55135087
55135093
55135132
55135180
56048194
56167987
56209044
56209045
56209046
56209049
56209056
56209057
56209058
56209060
28384836
28697750
29078253
29618325
29618329
29618331
29618332
29618338
29618343
29679341
29679342
29679347
29679374
29679378
29679381
29679384
29809785
32509566
33829744
34428434
35425024
35972279
35972284
35972287
36033610
36847926
36847931
37136754
37202576
37202578
37202611
37202613
37202617
37202638
37202673
37485083
37924541
38303507
38559436
38852354
38852355
40722551
40935501
41344732
41542284
41956880
41956881
41956882
43615113
43725068
43725103
43725133
43725137
43725158
43725162
45413907
45413911
45413918
45413919
45413924
45413925
45413932
45413935
45413937
45413938
45413939
45565068
45565076
45565078
45565079
45565080
45565083
45565090
45565093
45565095
45565097
45565101
45565104
45565108
45565113
45939556
45939591
46030835
46584462
46584481
46907846
48584769
49879890
51604479
51810792
52213807
52770714
52770818
52824866
55135012
55135880
56026950
56167983
56167985
56167986
56167988
56167990
56209047
56209050
56209052
56209054
57128078
57408895
57408914
57408941
57408944
57408946
57408949
57408988
57408999
57409000
57409001
57409002
57409003
57409005
57409011
57409014
57409017
57409018
57409019
57409020
57409021
57409024
57409025
57409027
57409028
57409030
57409031
57409032
57409044
57409055
58970008
29618333
29618337
29618342
29679368
29679379
29679386
31991937
32031664
33090016
33090017
34313374
35972281
35972286
36847934
36847937
37202670
37563299
38852342
38852352
38852357
40125458
40289703
41344748
41344775
43725144
43725156
43725160
43725168
43725175
45052666
45052680
45052684
45368152
45413914
45413915
45413916
45413922
45413931
45413936
45565077
45565082
45565085
45565098
45565100
45939557
45939558
45939571
45939572
45939574
45939579
45939581
45939583
45939590
45939594
45939595
45939596
46431378
46737448
46907832
48904943
50160706
50844644
51271724
51604476
52168507
52168516
52168531
55135095
55135165
55135881
55214126
55427381
56167982
56167984
56167991
56209051
56209055
56209062
56209063
56209064
57408877
57408879
57408940
57408942
57408985
57409008
57409009
57409010
57409026
57409033
57969590
58456631
28571734
29679321
29679324
29679338
29679350
29679380
29679385
32558473
34428436
35363504
35972278
35972280
36348916
36847938
37924462
37924542
37924543
38679421
38679425
38852349
38852353
40289702
41153321
43725155
45052672
45052710
45413905
45413920
45413923
45413927
45413934
45512005
45512026
45512065
45512089
45565084
45565086
45565092
45565094
45565096
45565102
45939560
45939598
47346546
48751049
48751085
49097094
51604455
51604461
51604542
52168504
52168506
52168509
55135059
55135101
56784573
57128075
57408943
57409012
57409013
59203954
29679320
29679382
29679383
29836267
33882140
34602428
35739047
36033609
37924460
38229428
38852346
38852363
39816782
40116074
40626322
40935502
43725142
45052679
45052682
45052694
45052696
45052706
45413904
45413910
45413913
45413933
45512003
45512017
45512025
45565091
45939576
45939580
45939582
45939587
45939589
45939592
45939597
48751083
48751091
50844670
50868137
52168503
52168511
52168512
52168513
52168517
52168519
52168520
52168524
55135063
55214127
56209067
57128077
57408878
57408880
57409015
57409016
28697737
28697745
28697749
29078242
29618324
29679371
32307196
38263341
38367947
39433097
45052654
45052670
45052692
45052705
45413917
45565081
45939554
45939584
49938017
50844610
52168494
52168501
52168508
53774737
57128076
11274881
27228036
28697743
28697751
37485082
38852356
40289692
44134914
45052704
45617214
45939553
45939599
45939600
46714896
50441712
51906771
52168478
52168510
52168515
56209042
28697744
29679373
31545905
32279382
34428437
37136738
40289699
45052675
45891231
45939585
45939586
50441710
52168502
52168514
52168518
52534793
55578031
29679376
38435232
38852359
40289696
45939588
46313935
47945744
50974136
53774736
58456630
28898324
35972288
38908396
39616225
40289695
41051551
55891982
38679420
44635786
56209041
38908388
46451336
51048639
51048640
35739052
40459758
52168505
43725117
50974135
38908365
59435593
59379294
59379429
59364594
59364595
